1.0 -2.0 
-1.6568181818181813 2.8636363636363633 
4.45010330578512 -7.54338842975206 
-12.514016716754309 21.18247558226895 
35.304327388270366 -59.75379783940073 
-99.62206891610074 168.612676501198 
281.1187261867623 -475.79978638666626 
-793.2762428816068 1342.6378960136876 
2238.5105786472177 -3788.7295302546063 
-6316.752430409979 10691.245640366273 
17824.95989121646 -30169.14574763218 
-50299.45349783807 85132.95698069109 
141937.76803009055 -240232.86654913262 
-400527.8107888765 677902.3332117046 
1130231.4348167148 -1912942.138081219 
-3189349.308183739 5398045.477008205 
8999881.525381241 -1.5232502014450125E7 
-2.5396361340246223E7 4.298391308641328E7 
7.166485108780715E7 -1.2129437320721263E8 
-2.0222782360946608E8 3.422751423806734E8 
5.70657609986707E8 -9.658508469438531E8 
-1.610313071778997E9 2.72549111236549E9 
4.544070110977253E9 -7.690940922284142E9 
-1.2822707295461044E10 2.1702720658930084E10 
3.618382163335704E10 -6.124193239280084E10 
-1.0210550064244614E11 1.7281585761281616E11 
2.8812692498554407E11 -4.876613045274175E11 
-8.130524249847754E11 1.3761095261650708E12 
2.29431611018925E12 -3.8831816476342656E12 
-6.474227554972861E12 1.0957775832382977E13 
1.826933187079979E13 -3.09212553231724E13 
-5.155340682288081E13 8.725530120220481E13 
1.4547624258188612E14 -2.462218143576447E14 
-4.105128731541151E14 6.948022759680582E14 
1.1584078337078935E15 -1.960631327284369E15 
-3.26885902233822E15 5.532617457496044E15 
9.224246415633664E15 -1.5612244640295088E16 
-2.6029486544044296E16 4.4055491741649488E16 
7.3451438656090944E16 -1.24318212871782208E17 
-2.07269314802674176E17 3.5080797967856448E17 
5.8488396748655898E17 -9.8992927716136678E17 
-1.65045779086255923E18 2.7934369528285379E18 
4.6573526901838377E18 -7.8826742368950006E18 
-1.3142374316295934E19 2.224376428545876E19 
3.708587563782231E19 -6.276867909512231E19 
-1.046509663112119E20 1.7712411554019423E20 
2.953098601965086E20 -4.9981858401627695E20 
-8.333216271500234E20 1.410415606966546E21 
2.3515128611481846E21 -3.9799884357841883E21 
-6.635628496834661E21 1.1230950558640258E22 
1.87247819374055E22 -3.1692114810320934E22 
-5.283862090390371E22 8.943055495670925E22 
1.4910293045651882E23 -2.52360065200206E23 
-4.2074686073191956E23 7.121235302484765E23 
1.1872866634729876E24 -2.0095093965490776E24 
-3.350350894617807E24 5.670544285216986E24 
9.454204668847209E24 -1.600145415882443E25 
-2.6678395407490222E25 4.515378459603412E25 
7.52825654244251E25 -1.274174361347442E26 
-2.1243648916349915E26 3.595535385660131E26 
5.9946498467056086E26 -1.0146079768755421E27 
-1.6916033081750853E27 2.863076666816006E27 
4.773459376950024E27 -8.079187417104023E27 
-1.3470010559375013E28 2.279829599997459E28 
3.801041763250644E28 -6.433348722695749E28 
-1.072598898292618E29 1.8153977730553713E29 
3.0267186426140696E29 -5.122789415701732E29 
-8.54096135669189E29 1.4455769301434075E30 
2.4101355134054246E30 -4.07920859396988E30 
-6.801053125508913E30 1.1510935465376408E31 
1.9191586265055709E31 -3.248219163980283E31 
-5.415587506405699E31 9.166003726616976E31 
1.528200307909898E32 -2.5865134116567983E32 
-4.312359791681953E32 7.298765992483049E32 
1.2168854355453815E33 -2.0596059843704255E33 
-3.4338743397496337E33 5.811909595708721E33 
9.689895726220352E33 -1.640036657740455E34 
-2.734348141343729E34 4.627945762815133E34 
7.715934174439521E34 -1.3059392229114456E35 
-2.1773247994319553E35 3.685171221412776E35 
6.1440950311966165E35 -1.0399019106611066E36 
-1.73377457337663E36 2.934452482189E36 
4.892460575600632E36 -8.280599623815328E36 
-1.3805814695499495E37 2.336665205727949E37 
3.8958008237617767E37 -6.593730565062515E37 
-1.0993385318557487E38 1.8606552046079273E38 
3.1021740132386567E38 -5.250499328526546E38 
-8.753885477086142E38 1.4816148166831762E39 
2.4702196143387125E39 -4.180902286928129E39 
-6.970601750543837E39 1.1797900328759135E40 
1.9670027912757997E40 -3.3291964895358343E40 
-5.550596805483726E40 9.394510003546932E40 
