1.0 -2.0 
0.9512294270833334 -1.9024588541666667 
0.9048374229492866 -1.8096748458985732 
0.8607079834356096 -1.721415966871219 
0.8187307619695061 -1.6374615239390122 
0.7788007936437542 -1.5576015872875089 
0.7408182327497936 -1.4816364654995875 
0.7046881031114737 -1.4093762062229471 
0.670320060595168 -1.3406401211903358 
0.637628167202407 -1.2752563344048138 
0.6065306761801414 -1.2130613523602827 
0.5769498276113028 -1.1538996552226053 
0.5488116539745275 -1.0976233079490547 
0.5220457951868464 -1.0440915903736927 
0.496585322666847 -0.993170645333694 
0.4723665719783771 -0.9447331439567541 
0.4493289836363098 -0.8986579672726197 
0.42741495167630345 -0.8548299033526068 
0.4065696796099007 -0.8131393592198012 
0.3867410434047802 -0.7734820868095603 
0.3678794611475396 -0.7357589222950791 
0.3499377690630995 -0.699875538126199 
0.3328711035807119 -0.6657422071614237 
0.31663678915167753 -0.633273578303355 
0.3011942315382564 -0.6023884630765127 
0.2865048163069405 -0.573009632613881 
0.2725318122722667 -0.5450636245445334 
0.2592402796497308 -0.5184805592994615 
0.24659698268813654 -0.49319396537627297 
0.23457030656291478 -0.46914061312582944 
0.2231301783226033 -0.4462603566452065 
0.21224799169081193 -0.42449598338162386 
0.20189653553563913 -0.4037930710712782 
0.19204992582767585 -0.38409985165535165 
0.18268354091645678 -0.3653670818329136 
0.17377395996351586 -0.34754791992703177 
0.1652989043780973 -0.33059780875619466 
0.1572371821090802 -0.3144743642181605 
0.1495686346538181 -0.29913726930763623 
0.14227408665138777 -0.2845481733027756 
0.13533529793420412 -0.27067059586840825 
0.1287349179181052 -0.25746983583621047 
0.12245644221685915 -0.24491288443371836 
0.11648417137260625 -0.23296834274521253 
0.11080317159904106 -0.22160634319808215 
0.1053992374391721 -0.21079847487834424 
0.10025885624428389 -0.2005177124885678 
0.09536917438528045 -0.19073834877056092 
0.09071796511192083 -0.18143593022384172 
0.08629359797957828 -0.1725871959591566 
0.08208500976707374 -0.16417001953414745 
0.07808167681286338 -0.15616335362572673 
0.07427358870040603 -0.14854717740081202 
0.07065122322691036 -0.14130244645382073 
0.06720552259287065 -0.1344110451857413 
0.06392787075285236 -0.12785574150570472 
0.060810071870893136 -0.12162014374178629 
0.057844329826646 -0.115688659653292 
0.05502322872101985 -0.11004645744203967 
0.052339714332570925 -0.10467942866514185 
0.04978707647827677 -0.09957415295655354 
0.047358932234585316 -0.09471786446917063 
0.045049209976782995 -0.090098419953566 
0.04285213419677207 -0.08570426839354416 
0.040762211061293616 -0.08152442212258722 
0.03877421467448424 -0.07754842934896847 
0.03688317401041582 -0.07376634802083161 
0.03508436048294273 -0.07016872096588544 
0.03337327612177475 -0.0667465522435495 
0.03174564232520968 -0.06349128465041938 
0.030197389161401626 -0.060394778322803266 
0.028724645191412528 -0.05744929038282506 
0.027323727788599365 -0.054647455577198745 
0.02599113393013033 -0.051982267860260674 
0.02472353143760406 -0.049447062875208135 
0.02351775064486889 -0.04703550128973779 
0.022370776472207327 -0.04474155294441466 
0.02127974088706709 -0.042559481774134184 
0.02024191573248661 -0.04048383146497322 
0.01925470590528235 -0.03850941181056469 
0.018315642866939805 -0.0366312857338796 
0.017422378470982092 -0.03484475694196418 
0.016572679091381298 -0.03314535818276259 
0.01576442003733057 -0.031528840074661134 
0.014995580240410979 -0.02999116048082195 
0.01426423720086829 -0.02852847440173657 
0.013568562180362714 -0.02713712436072542 
0.012906815629171009 -0.02581363125834201 
0.012277342836406552 -0.024554685672813097 
0.011678569792380671 -0.02335713958476134 
0.011108999252758989 -0.022217998505517974 
0.01056720699467111 -0.021134413989342217 
0.010051838255411992 -0.020103676510823985 
0.009561604344829883 -0.019123208689659763 
0.009095279422930041 -0.01819055884586008 
0.008651697434636573 -0.017303394869273146 
0.008229749194047693 -0.01645949838809539 
0.007828379610893511 -0.015656759221787022 
0.007446585052261082 -0.014893170104522164 
0.007083410832989623 -0.014166821665979245 
0.006737948828460596 -0.013475897656921192 
0.006409335203813389 -0.012818670407626779 
0.00609674825390845 -0.012193496507816903 
0.005799406348636647 -0.011598812697273296 
0.005516565978437084 -0.01103313195687417 
0.005247519895136115 -0.010495039790272229 
0.00499159534345872 -0.009983190686917442 
0.004748152378790073 -0.009496304757580147 
0.004516582266980848 -0.009033164533961694 
0.004296305962194935 -0.008592611924389867 
0.004086772658993397 -0.00817354531798679 
0.00388745841503412 -0.007774916830068237 
0.0036978648409431887 -0.0073957296818863765 
0.003517517854081991 -0.007035035708163982 
0.003345966493093808 -0.006691932986187617 
0.0031827817902656532 -0.0063655635805313065 
0.0030275556988856632 -0.0060551113977713265 
0.00287990007291389 -0.00575980014582778 
0.0027394456964151296 -0.005478891392830258 
0.0026058413603268667 -0.005211682720653733 
0.0024787529842537795 -0.004957505968507559 
0.0023578627810928255 -0.004715725562185651 
0.0022428684624000435 -0.004485736924800087 
0.00213348248251207 -0.004266964965024139 
0.0020294313195322843 -0.0040588626390645685 
0.0019304547913836679 -0.003860909582767335 
0.001836305405218162 -0.0036726108104363246 
0.0017467477385557006 -0.0034934954771114017 
0.0016615578506054473 -0.0033231157012108942 
0.0015805227222972344 -0.003161045444594469 
0.0015034397236229886 -0.0030068794472459773 
0.0014301161069562205 -0.00286023221391244 
0.0013603685250826126 -0.0027207370501652253 
0.0012940225727365328 -0.0025880451454730656 
0.0012309123504970732 -0.002461824700994146 
0.0011708800499531302 -0.00234176009990626 
0.0011137755591002208 -0.0022275511182004415 
0.0010594560869823222 -0.0021189121739646445 
0.0010077858066401446 -0.002015571613280289 
9.586355154730197E-4 -0.0019172710309460395 
9.118823121651365E-4 -0.0018237646243302727 
8.674092893682681E-4 -0.001734818578736536 
8.251052413725391E-4 -0.0016502104827450777 
7.848643860342558E-4 -0.001569728772068511 
7.465861002654773E-4 -0.0014931722005309541 
7.1017466842391E-4 -0.00142034933684782 
6.755390429739721E-4 -0.001351078085947944 
6.425926168205548E-4 -0.0012851852336411092 
6.112530067461962E-4 -0.0012225060134923923 
5.814418474101491E-4 -0.0011628836948202978 
5.530845953942311E-4 -0.001106169190788462 
5.261103428054717E-4 -0.0010522206856109432 
5.00451639969465E-4 -0.00100090327993893 
4.7604432677106877E-4 -9.520886535421373E-4 
4.5282737222071486E-4 -9.056547444414293E-4 
4.3074272184516195E-4 -8.614854436903237E-4 
4.09735152521089E-4 -8.194703050421778E-4 
3.897521343885377E-4 -7.795042687770753E-4 
3.707436994989151E-4 -7.414873989978302E-4 
3.526623168691085E-4 -7.05324633738217E-4 
3.3546277362928305E-4 -6.709255472585659E-4 
3.1910206196716885E-4 -6.382041239343376E-4 
3.0353927158614037E-4 -6.070785431722806E-4 
2.887354874081766E-4 -5.77470974816353E-4 
2.7465369226590684E-4 -5.493073845318137E-4 
2.612586743404207E-4 -5.225173486808414E-4 
2.4851693911338954E-4 -4.97033878226779E-4 
2.3639662561333316E-4 -4.727932512266662E-4 
2.2486742674660413E-4 -4.497348534932082E-4 
2.1390051351387568E-4 -4.278010270277512E-4 
2.0346846292263477E-4 -4.0693692584526937E-4 
1.935451894154243E-4 -3.870903788308485E-4 
1.841058796423693E-4 -3.682117592847385E-4 
1.7512693041488408E-4 -3.502538608297681E-4 
1.6658588968541298E-4 -3.3317177937082585E-4 
1.5846140040562276E-4 -3.169228008112455E-4 
1.5073314712266324E-4 -3.0146629424532636E-4 
1.4338180517995875E-4 -2.8676361035991733E-4 
1.3638899239550628E-4 -2.7277798479101244E-4 
1.2973722309685053E-4 -2.59474446193701E-4 
1.2340986439779973E-4 -2.468197287955994E-4 
1.173910946075509E-4 -2.347821892151017E-4 
1.1166586366822602E-4 -2.23331727336452E-4 
1.0621985552189224E-4 -2.1243971104378443E-4 
1.01039452312964E-4 -2.0207890462592797E-4 
9.611170033647452E-5 -1.9222340067294902E-4 
9.142427764706968E-5 -1.828485552941393E-4 
8.696546324772969E-5 -1.7393092649545936E-4 
8.27241077811746E-5 -1.654482155623492E-4 
7.868960565066663E-5 -1.573792113013333E-4 
7.485186850049704E-5 -1.4970373700099406E-4 
7.120129998984481E-5 -1.424025999796896E-4 
6.772877179692863E-5 -1.3545754359385722E-4 
6.442560079345025E-5 -1.2885120158690047E-4 
6.128352733225322E-5 -1.225670546645064E-4 
5.829469459390503E-5 -1.1658938918781002E-4 
5.545162894055817E-5 -1.1090325788111633E-4 
5.2747221227964735E-5 -1.0549444245592947E-4 
5.0174709028914734E-5 -1.0034941805782948E-4 
4.7727659723647516E-5 -9.545531944729506E-5 
4.539995441495351E-5 -9.079990882990704E-5 
4.318577262774568E-5 -8.637154525549136E-5 
4.107957775484162E-5 -8.215915550968325E-5 
3.907610321256324E-5 -7.81522064251265E-5 
3.7170339271535736E-5 -7.434067854307146E-5 
3.5357520529756065E-5 -7.071504105951213E-5 
3.363311399660706E-5 -6.726622799321411E-5 
3.199280775802097E-5 -6.398561551604194E-5 
3.043250019444951E-5 -6.086500038889902E-5 
2.8948289724679636E-5 -5.789657944935927E-5 
2.7536465049849357E-5 -5.507293009969871E-5 
2.6193495873268436E-5 -5.238699174653687E-5 
2.491602407283879E-5 -4.9832048145677576E-5 
2.3700855304000984E-5 -4.740171060800196E-5 
2.254495101220984E-5 -4.508990202441968E-5 
2.144542083496618E-5 -4.289084166993236E-5 
2.039951537440586E-5 -4.079903074881173E-5 
1.9404619322373736E-5 -3.8809238644747485E-5 
1.845824492079175E-5 -3.691648984158351E-5 
1.755802574096858E-5 -3.511605148193717E-5 
1.6701710766295963E-5 -3.340342153259193E-5 
1.588715876353525E-5 -3.1774317527070505E-5 
1.5112332928619593E-5 -3.0224665857239186E-5 
1.4375295793583409E-5 -2.8750591587166814E-5 
1.3674204381883798E-5 -2.734840876376759E-5 
1.300730559999973E-5 -2.601461119999946E-5 
1.2372931853785576E-5 -2.4745863707571156E-5 
1.176949687861758E-5 -2.3538993757235163E-5 
1.119549177290648E-5 -2.2390983545812964E-5 
1.0649481225058003E-5 -2.1298962450116015E-5 
1.0130099924446638E-5 -2.0260199848893286E-5 
9.636049147428293E-6 -1.9272098294856596E-5 
9.166093509855058E-6 -1.8332187019710123E-5 
8.719057877971686E-6 -1.7438115755943376E-5 
8.29382442996943E-6 -1.6587648859938865E-5 
7.889329860849574E-6 -1.5778659721699152E-5 
7.504562723607375E-6 -1.5009125447214753E-5 
7.138560900087983E-6 -1.4277121800175969E-5 
6.7904091951901765E-6 -1.3580818390380355E-5 
6.4592370484021506E-6 -1.2918474096804301E-5 
6.1442163569470184E-6 -1.2288432713894037E-5 
5.8445594050947575E-6 -1.1689118810189517E-5 
5.559516894462794E-6 -1.111903378892559E-5 
5.288376070379956E-6 -1.0576752140759912E-5 
5.030458939628735E-6 -1.006091787925747E-5 
4.785120575109275E-6 -9.570241150218551E-6 
4.551747503185866E-6 -9.103495006371734E-6 
4.329756169683485E-6 -8.65951233936697E-6 
4.118591480698549E-6 -8.237182961397097E-6 
3.917725414575178E-6 -7.835450829150355E-6 
3.7266557015761615E-6 -7.45331140315232E-6 
3.5449045679471297E-6 -7.089809135894258E-6 
3.3720175412334394E-6 -6.744035082466878E-6 
3.207562313862435E-6 -6.41512462772487E-6 
3.051127662149455E-6 -6.10225532429891E-6 
2.902322418024536E-6 -5.804644836049073E-6 
2.760774490908594E-6 -5.5215489818171895E-6 
2.626129937293263E-6 -5.252259874586528E-6 
2.4980520756978605E-6 -4.996104151395723E-6 
2.3762206447904072E-6 -4.752441289580816E-6 
2.260331002567568E-6 -4.520662005135136E-6 
2.1500933645910444E-6 -4.300186729182089E-6 
2.045232079375616E-6 -4.090464158751231E-6 
1.9454849391169214E-6 -3.890969878233843E-6 
1.8506025240354428E-6 -3.7012050480708856E-6 
1.7603475786972048E-6 -3.5206951573944096E-6 
1.6744944187516751E-6 -3.3489888375033503E-6 
1.5928283666033951E-6 -3.18565673320679E-6 
1.5151452146062291E-6 -3.0302904292124587E-6 
1.4412507144379374E-6 -2.882501428875875E-6 
1.370960091378244E-6 -2.7419201827564886E-6 
1.3040975822758414E-6 -2.608195164551683E-6 
1.2404959960490088E-6 -2.480991992098019E-6 
1.1799962956208675E-6 -2.3599925912417353E-6 
1.1224472002438933E-6 -2.2448944004877875E-6 
1.0677048072192902E-6 -2.1354096144385812E-6 
1.0156322320653262E-6 -2.0312644641306533E-6 
9.660992662348672E-7 -1.932198532469735E-6 
9.189820515262215E-7 -1.8379641030524431E-6 
8.74162770373154E-7 -1.7483255407463082E-6 
8.315293512396348E-7 -1.6630587024792696E-6 
7.909751883826536E-7 -1.5819503767653072E-6 
7.523988752823632E-7 -1.5047977505647267E-6 
7.157039510729867E-7 -1.4314079021459737E-6 
6.807986593404352E-7 -1.3615973186808703E-6 
6.475957186835036E-7 -1.2951914373670072E-6 
6.160121044649286E-7 -1.2320242089298573E-6 
5.859688412065725E-7 -1.1719376824131448E-6 
5.573908051096127E-7 -1.1147816102192254E-6 
5.302065362059348E-7 -1.0604130724118694E-6 
5.0434805967101E-7 -1.0086961193420198E-6 
4.797507158514457E-7 -9.595014317028911E-7 
4.5635299858218973E-7 -9.127059971643795E-7 
4.340964013890976E-7 -8.681928027781953E-7 
4.12925271192288E-7 -8.258505423845759E-7 
3.9278666914447015E-7 -7.855733382889403E-7 
3.7363023825626517E-7 -7.472604765125304E-7 
3.5540807747751646E-7 -7.108161549550329E-7 
3.3807462191972695E-7 -6.76149243839454E-7 
3.215865289201164E-7 -6.431730578402329E-7 
3.059025696624001E-7 -6.118051393248002E-7 
2.909835260832843E-7 -5.819670521665685E-7 
2.7679209280689073E-7 -5.535841856137812E-7 
2.632927838618955E-7 -5.265855677237909E-7 
2.504518439481268E-7 -5.009036878962535E-7 
2.3823716403074105E-7 -4.764743280614821E-7 
2.2661820105091993E-7 -4.5323640210183986E-7 
2.155659015523222E-7 -4.311318031046444E-7 
2.0505262903231768E-7 -4.1010525806463546E-7 
1.9505209483634282E-7 -3.901041896726857E-7 
1.855392924225784E-7 -3.7107858484515683E-7 
1.764904348325763E-7 -3.5298086966515274E-7 
1.6788289521147992E-7 -3.357657904229599E-7 
1.5969515022910734E-7 -3.1939030045821463E-7 
1.5190672626042062E-7 -3.0381345252084114E-7 
1.4449814819080466E-7 -2.889962963816092E-7 
1.3745089071814172E-7 -2.7490178143628333E-7 
1.3074733202991182E-7 -2.614946640598235E-7 
1.2437070973948737E-7 -2.4874141947897463E-7 
1.1830507897144012E-7 -2.3661015794288014E-7 
1.125352724910515E-7 -2.2507054498210294E-7 
1.0704686277832972E-7 -2.1409372555665933E-7 
1.0182612595169878E-7 -2.036522519033975E-7 
9.686000745114977E-8 -1.937200149022995E-7 
9.213608939504459E-8 -1.8427217879008918E-7 
8.764255952894705E-8 -1.7528511905789407E-7 
8.336818168883724E-8 -1.6673636337767443E-7 
7.930226770485188E-8 -1.5860453540970374E-7 
7.543465067529539E-8 -1.5086930135059075E-7 
7.175565954409262E-8 -1.4351131908818522E-7 
6.825609491811395E-8 -1.3651218983622787E-7 
6.492720606390315E-8 -1.298544121278063E-7 
6.176066902628811E-8 -1.235213380525762E-7 
5.8748565814159416E-8 -1.1749713162831883E-7 
5.5883364601370366E-8 -1.1176672920274072E-7 
5.3157900893250565E-8 -1.0631580178650113E-7 
5.056535961163935E-8 -1.0113071922327871E-7 
4.809925805364242E-8 -9.619851610728484E-8 
4.575342968149969E-8 -9.15068593629994E-8 
4.3522008703030524E-8 -8.704401740606106E-8 
4.1399415404099576E-8 -8.279883080819915E-8 
3.9380342196426566E-8 -7.876068439285313E-8 
3.745974034585246E-8 -7.491948069170492E-8 
3.5632807347875664E-8 -7.126561469575133E-8 
3.3894974918890556E-8 -6.778994983778112E-8 
3.224189757310022E-8 -6.448379514620045E-8 
3.066944175653963E-8 -6.133888351307928E-8 
2.9173675511038855E-8 -5.834735102207773E-8 
2.7750858642280562E-8 -5.550171728456114E-8 
2.639743336736711E-8 -5.279486673473423E-8 
2.5110015418511084E-8 -5.022003083702217E-8 
2.3885385580603964E-8 -4.777077116120792E-8 
2.272048164150242E-8 -4.544096328300484E-8 
2.161239073490374E-8 -4.322478146980748E-8 
2.0558342056663627E-8 -4.1116684113327247E-8 
1.955569993634334E-8 -3.9111399872686674E-8 
1.8601957246661453E-8 -3.7203914493322906E-8 
1.7694729134370435E-8 -3.538945826874087E-8 
1.6831747056881955E-8 -3.366349411376391E-8 
1.6010853109729406E-8 -3.20217062194588E-8 
1.5229994630683308E-8 -3.04599892613666E-8 
