1.0 -2.0 
0.8187333333333334 -1.6374666666666726 
0.6703242711111277 -1.3406485422238792 
0.5488168249058593 -1.0976336502842932 
0.4493346298439001 -0.8986693972070536 
0.36788564647328936 -0.7358113110493399 
0.30131873655877717 -0.6142827410210671 
0.28118172001645425 -3.9511363999551214 
10.264482540329805 -1006.6618964180233 
2928.3763547928324 -292821.4357287586 
852109.5512434193 -8.521094186106618E7 
2.4796384013883352E8 -2.4796384003024265E10 
7.215747744824646E10 -7.215747744815755E12 
2.0997825937413395E13 -2.0997825937413322E15 
6.110367347787279E15 -6.1103673477872794E17 
1.77811689820609894E18 -1.7781168982060994E20 
5.174320173779751E20 -5.174320173779751E22 
1.5057271705699072E23 -1.5057271705699075E25 
4.381666066358433E25 -4.3816660663584323E27 
1.2750648253103036E28 -1.2750648253103037E30 
3.710438641652984E30 -3.7104386416529836E32 
1.0797376447210185E33 -1.0797376447210185E35 
3.1420365461381634E35 -3.1420365461381637E37 
9.143326349262057E37 -9.143326349262056E39 
2.6607079676352594E40 -2.6607079676352597E42 
7.742660185818604E42 -7.742660185818604E44 
2.2531141140732148E45 -2.2531141140732147E47 
6.5565620719530546E47 -6.556562071953055E49 
1.907959562938339E50 -1.9079595629383392E52 
5.552162328150568E52 -5.5521623281505684E54 
1.6156792374918159E55 -1.6156792374918162E57 
4.701626581101186E57 -4.7016265811011855E59 
1.3681733351004454E60 -1.3681733351004455E62 
3.9813844051422964E62 -3.981384405142296E64 
1.1585828618964085E65 -1.1585828618964086E67 
3.3714761281185505E67 -3.3714761281185503E69 
9.810995532824979E69 -9.81099553282498E71 
2.85499970005207E72 -2.85499970005207E74 
8.308049127151525E74 -8.308049127151524E76 
2.4176422960010934E77 -2.4176422960010928E79 
7.035339081363179E79 -7.03533908136318E81 
2.047283672676685E82 -2.0472836726766844E84 
5.957595487489153E84 -5.957595487489153E86 
1.7336602868593438E87 -1.733660286859344E89 
5.0449514347606915E89 -5.044951434760691E91 
1.468080867515361E92 -1.4680808675153612E94 
4.272115324469701E94 -4.272115324469703E96 
1.2431855594206834E97 -1.2431855594206834E99 
3.6176699779141885E99 -3.617669977914188E101 
1.0527419635730292E102 -1.0527419635730293E104 
3.0634791139975154E104 -3.063479113997516E106 
8.914724221732772E106 -8.914724221732773E108 
2.5941847485242378E109 -2.5941847485242376E111 
7.549077618205534E111 -7.549077618205534E113 
2.1967815868978108E114 -2.1967815868978106E116 
6.39263441787263E116 -6.39263441787263E118 
1.8602566156009354E119 -1.8602566156009356E121 
5.413346751398722E121 -5.413346751398722E123 
1.5752839046570278E124 -1.575283904657028E126 
4.5840761625519526E126 -4.584076162551953E128 
1.3339661633026182E129 -1.3339661633026181E131 
3.88184153521062E131 -3.88184153521062E133 
1.1296158867462906E134 -1.1296158867462908E136 
3.287182230431707E136 -3.287182230431707E138 
9.56570029055627E138 -9.565700290556269E140 
2.7836187845518747E141 -2.783618784551875E143 
8.100330663045953E143 -8.100330663045954E145 
2.3571962229463738E146 -2.3571962229463728E148 
6.859441008773944E148 -6.859441008773944E150 
1.996097333553218E151 -1.9960973335532177E153 
5.808643240639864E153 -5.808643240639865E155 
1.6903151830262006E156 -1.6903151830262004E158 
4.918817182606243E158 -4.918817182606244E160 
1.4313758001384162E161 -1.4313758001384165E163 
4.1653035784027917E163 -4.165303578402793E165 
1.212103341315213E166 -1.212103341315213E168 
3.5272207232272706E168 -3.527220723227271E170 
1.0264212304591357E171 -1.0264212304591358E173 
2.986885780636086E173 -2.9868857806360863E175 
8.691837621651013E175 -8.691837621651013E177 
2.5293247479004457E178 -2.5293247479004463E180 
7.360335016390298E180 -7.360335016390298E182 
2.141857489769577E183 -2.141857489769577E185 
6.23280529522947E185 -6.2328052952294705E187 
1.8137463409117758E188 -1.813746340911776E190 
5.27800185205327E190 -5.27800185205327E192 
1.5358985389475017E193 -1.5358985389475017E195 
4.469464748337229E195 -4.469464748337229E197 
1.3006142417661335E198 -1.3006142417661338E200 
3.784787443539452E200 -3.784787443539451E202 
1.1013731460699805E203 -1.1013731460699804E205 
3.2049958550636436E205 -3.204995855063643E207 
